Pion 0
row_type             theory                E  total  i4   i3   i2   i1   i0  i-1    C   cts di_over_2pi     note
     max           264.1439  264.14258897151 194936 0.0  1.0  0.0 -2.5 -3.0  0.5  1.0                           
    mean        264.1430(9)  264.14248644222   1667                                                             
     min 264.14209999999997  264.14238391292 193270 0.0  1.0  0.0 -1.5 -3.0 -1.5 -1.0                           
   delta                    1667.00000000000                                          13536  12.31531 % ∆ abs(i)
     max           264.1439  264.14237175597 210666 0.0  1.0  0.5  1.0  1.0 -1.5 -1.0                           
    mean        264.1430(9)  264.14237175597      1                                                             
     min 264.14209999999997  264.14237175597 210666 0.0  1.0  0.5  1.0  1.0 -1.5 -1.0                           
   delta                       1.00000000000                                           7296   0.01371 % ∆ abs(i)
     max           264.1439  264.14348076998 483135 0.5 -2.0 -0.5  0.0 -2.5 -3.0  1.0                           
    mean        264.1430(9)  264.14348076998      1                                                             
     min 264.14209999999997  264.14348076998 483135 0.5 -2.0 -0.5  0.0 -2.5 -3.0  1.0                           
   delta                       1.00000000000                                          27110   0.00369 % ∆ abs(i)
     max           264.1439  264.14319411588 499374 0.5 -2.0  0.0  3.0 -1.5  2.5  0.5                           
    mean        264.1430(9)  264.14319411588      1                                                             
     min 264.14209999999997  264.14319411588 499374 0.5 -2.0  0.0  3.0 -1.5  2.5  0.5                           
   delta                       1.00000000000                                          32364   0.00309 % ∆ abs(i)
   total                    1670.00000000000   Σ ∆i                                   80306   2.07955 %         
KL 0
row_type            theory                 E   total  i4   i3   i2   i1   i0  i-1    C    cts di_over_2pi     note
     max 973.8259999999999   973.78480724759 1038491 0.5  1.0 -2.0 -3.0 -3.0 -0.5 -1.0                            
    mean       973.800(26)   973.78081012474     236                                                              
     min           973.774   973.77681300189 1038256 0.5  1.0 -2.0 -3.0 -1.0 -3.0 -1.0                            
   delta                     236.00000000000                                            22231   1.06158 % ∆ abs(i)
     max 973.8259999999999   973.81956817335 1054426 0.5  1.0 -1.5 -1.5  2.5  1.5  0.0                            
    mean       973.800(26)   973.79745245656    2747                                                              
     min           973.774   973.77533673977 1051680 0.5  1.0 -1.5 -1.0  1.0 -3.0  0.5                            
   delta                    2747.00000000000                                            16196  16.96098 % ∆ abs(i)
     max 973.8259999999999   973.82518602504 1070166 0.5  1.0 -1.0  2.5 -2.5 -1.5  0.5                            
    mean       973.800(26)   973.80021772430    1392                                                              
     min           973.774   973.77524942357 1068775 0.5  1.0 -1.0  2.5 -3.0 -3.0  1.0                            
   delta                    1392.00000000000                                            20951   6.64407 % ∆ abs(i)
     max 973.8259999999999   973.82581273766 1019821 0.5  0.5  1.5 -2.5  3.0 -1.5  0.5                            
    mean       973.800(26)   973.80395312106    2082                                                              
     min           973.774   973.78209350445 1017740 0.5  0.5  1.5 -2.0  1.0  0.5  0.0                            
   delta                    2082.00000000000                                             3561  58.46672 % ∆ abs(i)
     max 973.8259999999999   973.82591546215 1036001 0.5  0.5  2.0  1.0 -0.5 -2.5  1.0                            
    mean       973.800(26)   973.80046861114    2087                                                              
     min           973.774   973.77502176014 1033915 0.5  0.5  2.0  1.5 -2.5  0.5  0.5                            
   delta                    2087.00000000000                                             8756  23.83508 % ∆ abs(i)
     max 973.8259999999999   973.82594201059 1344271 1.0 -2.0 -2.0  1.0  3.0 -1.5  0.5                            
    mean       973.800(26)   973.80073255205    2767                                                              
     min           973.774   973.77552309350 1341505 1.0 -2.0 -2.0  1.5 -2.0  1.0  0.5                            
   delta                    2767.00000000000                                            42401   6.52579 % ∆ abs(i)
   total                   11311.00000000000    Σ ∆i                                   114096   9.91358 %         
KS 0
row_type            theory                 E   total  i4   i3   i2   i1   i0  i-1    C    cts di_over_2pi     note
     max 973.8259999999999   973.78480724759 1038491 0.5  1.0 -2.0 -3.0 -3.0 -0.5 -1.0                            
    mean       973.800(26)   973.78081012474     236                                                              
     min           973.774   973.77681300189 1038256 0.5  1.0 -2.0 -3.0 -1.0 -3.0 -1.0                            
   delta                     236.00000000000                                            22231   1.06158 % ∆ abs(i)
     max 973.8259999999999   973.81956817335 1054426 0.5  1.0 -1.5 -1.5  2.5  1.5  0.0                            
    mean       973.800(26)   973.79745245656    2747                                                              
     min           973.774   973.77533673977 1051680 0.5  1.0 -1.5 -1.0  1.0 -3.0  0.5                            
   delta                    2747.00000000000                                            16196  16.96098 % ∆ abs(i)
     max 973.8259999999999   973.82518602504 1070166 0.5  1.0 -1.0  2.5 -2.5 -1.5  0.5                            
    mean       973.800(26)   973.80021772430    1392                                                              
     min           973.774   973.77524942357 1068775 0.5  1.0 -1.0  2.5 -3.0 -3.0  1.0                            
   delta                    1392.00000000000                                            20951   6.64407 % ∆ abs(i)
     max 973.8259999999999   973.82581273766 1019821 0.5  0.5  1.5 -2.5  3.0 -1.5  0.5                            
    mean       973.800(26)   973.80395312106    2082                                                              
     min           973.774   973.78209350445 1017740 0.5  0.5  1.5 -2.0  1.0  0.5  0.0                            
   delta                    2082.00000000000                                             3561  58.46672 % ∆ abs(i)
     max 973.8259999999999   973.82591546215 1036001 0.5  0.5  2.0  1.0 -0.5 -2.5  1.0                            
    mean       973.800(26)   973.80046861114    2087                                                              
     min           973.774   973.77502176014 1033915 0.5  0.5  2.0  1.5 -2.5  0.5  0.5                            
   delta                    2087.00000000000                                             8756  23.83508 % ∆ abs(i)
     max 973.8259999999999   973.82594201059 1344271 1.0 -2.0 -2.0  1.0  3.0 -1.5  0.5                            
    mean       973.800(26)   973.80073255205    2767                                                              
     min           973.774   973.77552309350 1341505 1.0 -2.0 -2.0  1.5 -2.0  1.0  0.5                            
   delta                    2767.00000000000                                            42401   6.52579 % ∆ abs(i)
   total                   11311.00000000000    Σ ∆i                                   114096   9.91358 %         
Eta
row_type             theory                 E   total  i4   i3   i2   i1   i0  i-1    C    cts di_over_2pi     note
     max           1072.174  1072.17310870882 1144181 0.5  1.5 -2.0  0.0 -2.5  1.0  1.0                            
    mean       1072.139(35)  1072.14076452981    2868                                                              
     min 1072.1039999999998  1072.10842035080 1141314 0.5  1.5 -2.0 -0.5  2.5  3.0 -0.5                            
   delta                     2868.00000000000                                            29056   9.87059 % ∆ abs(i)
     max           1072.174  1072.16924313445 1158943 0.5  1.5 -1.5  3.0  1.5 -3.0  0.5                            
    mean       1072.139(35)  1072.13770273660   65763                                                              
     min 1072.1039999999998  1072.10616233875 1093181 0.5  1.5 -1.5  3.0  2.0  1.0 -0.5                            
   delta                    65763.00000000000                                            21848 301.00238 % ∆ abs(i)
     max           1072.174  1072.17354588283 1109406 0.5  1.0  1.0 -0.5  1.0 -0.5 -1.0                            
    mean       1072.139(35)  1072.14146484463    2152                                                              
     min 1072.1039999999998  1072.10938380643 1107255 0.5  1.0  1.0 -1.0  0.5  2.0  0.0                            
   delta                     2152.00000000000                                             5266  40.86593 % ∆ abs(i)
     max           1072.174  1072.16900027002 1125526 0.5  1.0  1.5  2.0  0.5  0.0  0.5                            
    mean       1072.139(35)  1072.14119603300    2092                                                              
     min 1072.1039999999998  1072.11339179599 1123435 0.5  1.0  1.5  2.5 -1.5 -0.5  0.0                            
   delta                     2092.00000000000                                            10401  20.11345 % ∆ abs(i)
     max           1072.174  1072.17083582613 1383016 1.0 -2.0  0.0 -2.0  0.5 -1.5  1.0                            
    mean       1072.139(35)  1072.13950423943    2567                                                              
     min 1072.1039999999998  1072.10817265272 1380450 1.0 -2.0  0.0 -0.5 -3.0 -0.5 -1.0                            
   delta                     2567.00000000000                                            26221   9.78986 % ∆ abs(i)
     max           1072.174  1072.17094618561 1399146 1.0 -2.0  0.5  1.0  2.5 -2.5  0.5                            
    mean       1072.139(35)  1072.13748992089    2087                                                              
     min 1072.1039999999998  1072.10403365618 1397060 1.0 -2.0  0.5  1.0  2.5 -2.0  0.5                            
   delta                     2087.00000000000                                            20381  10.23993 % ∆ abs(i)
   total                    77529.00000000000    Σ ∆i                                   113173  68.50486 %         
Rho 0
row_type      theory                 E   total  i4   i3   i2   i1   i0  i-1    C   cts di_over_2pi     note
     max     1517.63  1517.62936069039 1743356 1.0  0.0 -1.5 -3.0 -1.0  2.0  0.5                           
    mean 1517.14(49)  1517.14066876992    1922                                                             
     min     1516.65  1516.65197684944 1741435 1.0  0.0 -1.5 -2.5  0.5 -3.0 -0.5                           
   delta              1922.00000000000                                           13071  14.70431 % ∆ abs(i)
     max     1517.63  1517.62594468605 1759861 1.0  0.0 -1.0  1.0 -1.0 -2.5 -1.0                           
    mean 1517.14(49)  1517.13977734286    2732                                                             
     min     1516.65  1516.65360999967 1757130 1.0  0.0 -1.0  0.0  0.0 -1.0  1.0                           
   delta              2732.00000000000                                           18591  14.69528 % ∆ abs(i)
     max     1517.63  1517.62689217110 1774203 1.0  0.0 -0.5  3.0  2.0  1.5  0.0                           
    mean 1517.14(49)  1517.14050125158   65887                                                             
     min     1516.65  1516.65411033206 1708317 1.0  0.0 -0.5  3.0  0.5  0.0  1.0                           
   delta             65887.00000000000                                           21948 300.19592 % ∆ abs(i)
     max     1517.63  1517.61839629375 1725246 1.0 -0.5  2.0 -1.0  0.5  2.0  0.5                           
    mean 1517.14(49)  1517.13800364240    2657                                                             
     min     1516.65  1516.65761099105 1722590 1.0 -0.5  2.0 -0.5  1.5 -1.5 -0.5                           
   delta              2657.00000000000                                            5946  44.68550 % ∆ abs(i)
   total             73198.00000000000    Σ ∆i                                   59556 122.90617 %         
Omega
row_type      theory                E   total  i4   i3   i2   i1   i0  i-1    C   cts di_over_2pi     note
     max     1531.87 1531.86939127180 1755726 1.0  0.0 -1.0 -2.5  2.5  1.5  0.0                           
    mean 1531.62(25) 1531.61995483788    2632                                                             
     min     1531.37 1531.37051840395 1753095 1.0  0.0 -1.0 -2.0 -2.5  2.0  1.0                           
   delta             2632.00000000000                                           14456  18.20697 % ∆ abs(i)
     max     1531.87 1531.86923608196 1771901 1.0  0.0 -0.5  1.5 -2.0 -3.0  0.0                           
    mean 1531.62(25) 1531.62209172080    2192                                                             
     min     1531.37 1531.37494735964 1769710 1.0  0.0 -0.5  1.0 -1.0 -2.5  1.0                           
   delta             2192.00000000000                                           19646  11.15749 % ∆ abs(i)
     max     1531.87 1531.86589359404 1721151 1.0 -0.5  2.0 -2.5 -1.0  0.0 -0.5                           
    mean 1531.62(25) 1531.61861101954    1717                                                             
     min     1531.37 1531.37132844504 1719435 1.0 -0.5  2.0 -2.0 -2.0 -2.5 -1.0                           
   delta             1717.00000000000                                            1851  92.76067 % ∆ abs(i)
   total             6541.00000000000    Σ ∆i                                   35953  18.19320 %         
K* 0
row_type             theory                 E   total  i4   i3   i2   i1   i0  i-1    C    cts di_over_2pi     note
     max 1752.6999999999998  1752.65170308543 1928341 1.0  1.0 -2.0 -3.0 -1.0 -2.5 -1.0                            
    mean          1752.6(1)  1752.59300464932     315                                                              
     min             1752.5  1752.53430621322 1928027 1.0  1.0 -2.0 -3.0 -3.0 -2.0 -0.5                            
   delta                      315.00000000000                                            22296   1.41281 % ∆ abs(i)
     max 1752.6999999999998  1752.69648204134 1944276 1.0  1.0 -1.5  0.0 -2.0  0.5 -1.0                            
    mean          1752.6(1)  1752.59869909879    2747                                                              
     min             1752.5  1752.50091615625 1941530 1.0  1.0 -1.5 -1.5  3.0  0.0  0.5                            
   delta                     2747.00000000000                                            16261  16.89318 % ∆ abs(i)
     max 1752.6999999999998  1752.69997108470 1960466 1.0  1.0 -1.0  3.0 -2.5 -1.0 -0.5                            
    mean          1752.6(1)  1752.60260578998    2242                                                              
     min             1752.5  1752.50524049526 1958225 1.0  1.0 -1.0  2.0  1.0 -1.0  0.5                            
   delta                     2242.00000000000                                            21466  10.44442 % ∆ abs(i)
     max 1752.6999999999998  1752.69392532916 1909676 1.0  0.5  1.5 -1.0 -3.0 -2.0 -0.5                            
    mean          1752.6(1)  1752.59788267517    2097                                                              
     min             1752.5  1752.50184002117 1907580 1.0  0.5  1.5 -1.5  0.0  2.5 -0.5                            
   delta                     2097.00000000000                                             3631  57.75269 % ∆ abs(i)
     max 1752.6999999999998  1752.69851903316 1925891 1.0  0.5  2.0  1.5 -1.0  2.5  0.0                            
    mean          1752.6(1)  1752.60100601214    2147                                                              
     min             1752.5  1752.50349299113 1923745 1.0  0.5  2.0  1.5  1.0  1.0 -0.5                            
   delta                     2147.00000000000                                             8861  24.22977 % ∆ abs(i)
     max 1752.6999999999998  1752.69762836790 2234751 1.5 -2.0 -2.0  0.5  2.5  2.0  1.0                            
    mean          1752.6(1)  1752.59886838534    3457                                                              
     min             1752.5  1752.50010840278 2231295 1.5 -2.0 -2.0  1.0  3.0  3.0 -0.5                            
   delta                     3457.00000000000                                            43096   8.02163 % ∆ abs(i)
   total                    13005.00000000000    Σ ∆i                                   115611  11.24893 %         
H
row_type               theory                 E   total  i4   i3   i2   i1   i0  i-1    C    cts di_over_2pi     note
     max              1837.67  1837.66926144597 2037541 1.0  1.5 -2.0  2.0  0.5  3.0 -0.5                            
    mean 1837.47(-0.29)(0.20)  1837.42563742741    3062                                                              
     min              1837.18  1837.18201340886 2034480 1.0  1.5 -2.0  2.0 -2.0  3.0  0.5                            
   delta                       3062.00000000000                                            32631   9.38371 % ∆ abs(i)
     max              1837.67  1837.66839626205 1986581 1.0  1.0  0.5 -1.5  1.0  2.0 -1.0                            
    mean 1837.47(-0.29)(0.20)  1837.42814281572    2167                                                              
     min              1837.18  1837.18788936939 1984415 1.0  1.0  0.5 -2.5  3.0  2.5  0.5                            
   delta                       2167.00000000000                                             3641  59.51662 % ∆ abs(i)
     max              1837.67  1837.66414387783 2002776 1.0  1.0  1.0  1.5  2.0  1.5 -1.0                            
    mean 1837.47(-0.29)(0.20)  1837.42216653447    2182                                                              
     min              1837.18  1837.18018919112 2000595 1.0  1.0  1.0  2.0 -2.0 -2.0 -0.5                            
   delta                       2182.00000000000                                             8851  24.65258 % ∆ abs(i)
     max              1837.67  1837.65893000261 2260241 1.5 -2.0 -0.5 -3.0  1.0 -2.0  1.0                            
    mean 1837.47(-0.29)(0.20)  1837.42017248874    2287                                                              
     min              1837.18  1837.18141497488 2257955 1.5 -2.0 -0.5 -2.0  1.0 -1.5 -1.0                            
   delta                       2287.00000000000                                            24646   9.27940 % ∆ abs(i)
     max              1837.67  1837.66715683236 2276416 1.5 -2.0  0.0  0.0  1.0  1.0  1.0                            
    mean 1837.47(-0.29)(0.20)  1837.42361586230    2277                                                              
     min              1837.18  1837.18007489224 2274140 1.5 -2.0  0.0  1.5 -1.0 -3.0 -1.0                            
   delta                       2277.00000000000                                            29836   7.63172 % ∆ abs(i)
     max              1837.67  1837.65137426675 2290519 1.5 -2.0  0.5  3.0  2.0  1.0  1.0                            
    mean 1837.47(-0.29)(0.20)  1837.43079929550     150                                                              
     min              1837.18  1837.21022432425 2290370 1.5 -2.0  0.5  3.0  2.5  0.5  1.0                            
   delta                        150.00000000000                                            21969   0.68278 % ∆ abs(i)
   total                      12125.00000000000    Σ ∆i                                   121574   9.97335 %         
Neutron
          mean  1838.68366200(74)                    only with i4 > 1
Eta`
row_type             theory                 E   total  i4   i3   i2   i1   i0  i-1    C    cts di_over_2pi     note
     max 1874.4299999999998  1874.40620954969 2027806 1.0  1.5 -2.0 -3.0 -0.5  0.0 -1.0                            
    mean        1874.32(11)  1874.30893294593     923                                                              
     min            1874.21  1874.21165634218 2026884 1.0  1.5 -2.0 -2.5 -3.0 -3.0 -0.5                            
   delta                      923.00000000000                                            22896   4.03127 % ∆ abs(i)
     max 1874.4299999999998  1874.42351121618 2044041 1.0  1.5 -1.5 -0.5  0.5 -1.0  0.0                            
    mean        1874.32(11)  1874.31691982437    2872                                                              
     min            1874.21  1874.21032843255 2041170 1.0  1.5 -1.5 -0.5  0.0  2.0  0.0                            
   delta                     2872.00000000000                                            17161  16.73562 % ∆ abs(i)
     max 1874.4299999999998  1874.42654557530 2059706 1.0  1.5 -1.0  3.0  2.0 -2.0 -1.0                            
    mean        1874.32(11)  1874.31999455191    1897                                                              
     min            1874.21  1874.21344352852 2057810 1.0  1.5 -1.0  2.5 -1.5  2.5  0.5                            
   delta                     1897.00000000000                                            21841   8.68550 % ∆ abs(i)
     max 1874.4299999999998  1874.42859845129 2009296 1.0  1.0  1.5 -1.0 -1.0  1.5 -0.5                            
    mean        1874.32(11)  1874.31957926176    2122                                                              
     min            1874.21  1874.21056007224 2007175 1.0  1.0  1.5 -0.5 -2.0 -1.0 -1.0                            
   delta                     2122.00000000000                                             4386  48.38121 % ∆ abs(i)
     max 1874.4299999999998  1874.42898025493 2025481 1.0  1.0  2.0  2.0 -3.0  0.5  0.5                            
    mean        1874.32(11)  1874.32047880660    2132                                                              
     min            1874.21  1874.21197735827 2023350 1.0  1.0  2.0  2.5 -3.0  1.5 -0.5                            
   delta                     2132.00000000000                                             9586  22.24077 % ∆ abs(i)
     max 1874.4299999999998  1874.42970198386 2333821 1.5 -1.5 -2.0  2.0 -2.5  1.0  0.5                            
    mean        1874.32(11)  1874.32012827526    3002                                                              
     min            1874.21  1874.21055456666 2330820 1.5 -1.5 -2.0  1.5  2.0 -0.5  0.5                            
   delta                     3002.00000000000                                            43301   6.93287 % ∆ abs(i)
     max 1874.4299999999998  1874.42477599765 2282926 1.5 -2.0  0.5 -2.0 -1.5 -3.0  0.5                            
    mean        1874.32(11)  1874.31993097683    2572                                                              
     min            1874.21  1874.21508595601 2280355 1.5 -2.0  0.5 -2.0 -3.0  0.5  1.0                            
   delta                     2572.00000000000                                            14376  17.89093 % ∆ abs(i)
     max 1874.4299999999998  1874.42814690587 2299076 1.5 -2.0  1.0  1.5 -1.5  3.0 -0.5                            
    mean        1874.32(11)  1874.32185101513    2102                                                              
     min            1874.21  1874.21555512438 2296975 1.5 -2.0  1.0  1.5 -2.5 -1.5  0.0                            
   delta                     2102.00000000000                                            19541  10.75687 % ∆ abs(i)
   total                    17622.00000000000    Σ ∆i                                   153088  11.51103 %         
Phi
row_type             theory                 E   total  i4   i3   i2   i1   i0  i-1    C    cts di_over_2pi     note
     max           1995.066  1995.06544184789 2127576 1.0  2.0 -2.0 -2.5  1.5 -2.5 -1.0                            
    mean       1995.035(31)  1995.03512926586    1742                                                              
     min 1995.0040000000001  1995.00481668383 2125835 1.0  2.0 -2.0 -3.0 -1.0  2.5 -0.5                            
   delta                     1742.00000000000                                            23801   7.31902 % ∆ abs(i)
     max           1995.066  1995.06050426035 2143586 1.0  2.0 -1.5  0.5 -1.0 -0.5 -0.5                            
    mean       1995.035(31)  1995.03299823886    2762                                                              
     min 1995.0040000000001  1995.00549221737 2140825 1.0  2.0 -1.5  0.5 -0.5  1.5 -1.0                            
   delta                     2762.00000000000                                            17841  15.48120 % ∆ abs(i)
     max           1995.066  1995.06486521122 2158662 1.0  2.0 -1.0  3.0  2.0  1.5 -0.5                            
    mean       1995.035(31)  1995.03571056318   65837                                                              
     min 1995.0040000000001  1995.00655591514 2092826 1.0  2.0 -1.0  2.5  1.5  3.0  0.5                            
   delta                    65837.00000000000                                            21932 300.18694 % ∆ abs(i)
     max           1995.066  1995.06190862688 2109051 1.0  1.5  1.5 -0.5 -0.5 -1.5 -0.5                            
    mean       1995.035(31)  1995.03518622650    2132                                                              
     min 1995.0040000000001  1995.00846382612 2106920 1.0  1.5  1.5 -0.5 -2.5  2.5  0.0                            
   delta                     2132.00000000000                                             5276  40.40940 % ∆ abs(i)
     max           1995.066  1995.06463589205 2125171 1.0  1.5  2.0  3.0 -3.0  2.0 -0.5                            
    mean       1995.035(31)  1995.03571983568    2087                                                              
     min 1995.0040000000001  1995.00680377932 2123085 1.0  1.5  2.0  3.0 -3.0  3.0 -0.5                            
   delta                     2087.00000000000                                            10411  20.04611 % ∆ abs(i)
     max           1995.066  1995.06413633314 2432961 1.5 -1.0 -2.0  2.5  0.5 -2.5  0.5                            
    mean       1995.035(31)  1995.03775388720    1717                                                              
     min 1995.0040000000001  1995.01137144125 2431245 1.5 -1.0 -2.0  2.5 -3.0  2.0  0.5                            
   delta                     1717.00000000000                                            43576   3.94024 % ∆ abs(i)
     max           1995.066  1995.06541688881 2382656 1.5 -1.5  0.5 -1.5  1.5  0.0 -0.5                            
    mean       1995.035(31)  1995.03536703733    2572                                                              
     min 1995.0040000000001  1995.00531718586 2380085 1.5 -1.5  0.5 -1.5 -2.0  3.0  0.5                            
   delta                     2572.00000000000                                             4256  60.43233 % ∆ abs(i)
     max           1995.066  1995.06405502977 2398811 1.5 -1.5  1.0  1.0  2.0  3.0  0.5                            
    mean       1995.035(31)  1995.03851107492    2102                                                              
     min 1995.0040000000001  1995.01296712007 2396710 1.5 -1.5  1.0  1.5 -1.0  2.5  0.5                            
   delta                     2102.00000000000                                             9426  22.30002 % ∆ abs(i)
   total                    80951.00000000000    Σ ∆i                                   136519  59.29651 %         
Deuteron
          mean  3670.4829677(11)                    only with i4 > 1
Higgs
          mean  244830(210)                    only with i4 > 1
